1.732320320827951399e-02
-5.342629097354167911e-03
-4.477762502686433166e-02
-1.718277457219485882e-02
-2.284174181098075351e-02
0.000000000000000000e+00
0.000000000000000000e+00
0.000000000000000000e+00
-1.695205684765976883e-02
0.000000000000000000e+00
-2.998866731310423361e-02
1.583407189714480801e-02
0.000000000000000000e+00
0.000000000000000000e+00
0.000000000000000000e+00
4.398135704234995558e-02
-5.772006526769102308e-02
0.000000000000000000e+00
0.000000000000000000e+00
-2.636074445904901253e-02
0.000000000000000000e+00
0.000000000000000000e+00
-3.181266472332033857e-02
-2.626181274215699801e-02
0.000000000000000000e+00
0.000000000000000000e+00
0.000000000000000000e+00
4.007839960410852775e-02
0.000000000000000000e+00
3.144457825459312517e-02
-2.597285360087009387e-02
3.952536268184392299e-02
