0.000000000000000000e+00
0.000000000000000000e+00
0.000000000000000000e+00
0.000000000000000000e+00
0.000000000000000000e+00
-8.989065244660920939e-03
1.450911854791692157e-02
-1.138963162658646056e-02
0.000000000000000000e+00
3.441952123428082544e-02
0.000000000000000000e+00
0.000000000000000000e+00
3.324791232214430181e-02
1.758274065167819700e-02
-2.827162638597968680e-02
0.000000000000000000e+00
0.000000000000000000e+00
-5.320646382159854859e-02
2.594685277451702632e-02
0.000000000000000000e+00
-3.386889213497390472e-03
1.153044546372239409e-02
0.000000000000000000e+00
0.000000000000000000e+00
8.142356258154848092e-03
3.609104777396354713e-02
-3.540831617737350001e-02
0.000000000000000000e+00
-2.308101866540113178e-02
0.000000000000000000e+00
0.000000000000000000e+00
0.000000000000000000e+00
